MODEL PARAMETERS
----------------
test_size = 0.35
random_state = 42
n_estimators = 600
max_iter = 2000

CLASSIFICATION REPORTS
======================

MODEL: Logistic Regression
----------------------------
Accuracy: 0.9682

              precision    recall  f1-score   support

           0       1.00      1.00      1.00        57
           1       0.95      0.92      0.93        61
           2       0.98      1.00      0.99        57
           3       0.98      0.97      0.98        62
           4       0.98      0.97      0.98        66
           5       0.95      0.95      0.95        76
           6       0.97      0.98      0.97        59
           7       0.97      0.98      0.98        65
           8       0.93      0.96      0.95        55
           9       0.97      0.96      0.96        71

    accuracy                           0.97       629
   macro avg       0.97      0.97      0.97       629
weighted avg       0.97      0.97      0.97       629


MODEL: Random Forest
----------------------------
Accuracy: 0.9777

              precision    recall  f1-score   support

           0       1.00      0.98      0.99        57
           1       0.97      1.00      0.98        61
           2       1.00      1.00      1.00        57
           3       0.98      0.95      0.97        62
           4       0.97      1.00      0.99        66
           5       0.96      0.96      0.96        76
           6       0.98      0.98      0.98        59
           7       0.98      0.98      0.98        65
           8       0.96      0.96      0.96        55
           9       0.97      0.96      0.96        71

    accuracy                           0.98       629
   macro avg       0.98      0.98      0.98       629
weighted avg       0.98      0.98      0.98       629


MODEL: SVM
----------------------------
Accuracy: 0.9873

              precision    recall  f1-score   support

           0       1.00      1.00      1.00        57
           1       0.98      1.00      0.99        61
           2       1.00      1.00      1.00        57
           3       0.98      0.98      0.98        62
           4       1.00      1.00      1.00        66
           5       1.00      0.99      0.99        76
           6       0.98      1.00      0.99        59
           7       0.98      0.98      0.98        65
           8       0.96      0.96      0.96        55
           9       0.97      0.96      0.96        71

    accuracy                           0.99       629
   macro avg       0.99      0.99      0.99       629
weighted avg       0.99      0.99      0.99       629


